0802142737
0802142737
0451459563
0802715109
0349117624
1591840694
0143036580
046503828X
046503828X
0671721046
0060502932
0446610828
0446610836
0765352796
0765352796
0152055568
015205300X
0765343061
0765343061
0812570499
0812570499
0812571991
0812571991
0812580370
0812566998
0765313251
0765309416
0553801503
0439784549
0451459652
0312856849
0765309300
0765313472
0765309297
0312855818
0312855826
0312855826
0312864787
0441014038
0441011594
0441010725
0765313316
0441009387
0765353466
1582346038
1930846258
0765306646
0765306646
0345462297
0345461053
0312873646
0312873638
0312872577
0380788624
0441004016
0441008003
0312860390
0553380958
0441008615
0312852363
0312863942
0312890176
0312890184
034542204X
0312192754
0312870493
0671578278
0743435338
0671877437
0380979012
0380979020
0060574623
0380973650
1857239695
0671036688
0765303027
076530502X
0765305038
0380977427
0060523867
0060523875
